This is for odometry model sample

Parameter:

a1 = 0.00002;
a2 = 0.00002;
a3 = 0.002;
a4 = 0.002;



a1 = 0.00002;
a2 = 0.00002;
a3 = 0.00002;
a4 = 0.00002;


a1 = 0.0002;
a2 = 0.0002;
a3 = 0.002;
a4 = 0.02;


